2.664366364479064941e-01
2.659093439579010010e-01
2.653840780258178711e-01
2.648606300354003906e-01
2.643390297889709473e-01
2.638192474842071533e-01
2.633013725280761719e-01
2.627854049205780029e-01
2.622714340686798096e-01
2.617594003677368164e-01
2.612493634223937988e-01
2.607413530349731445e-01
2.602353692054748535e-01
2.597314715385437012e-01
2.592296600341796875e-01
2.587299346923828125e-01
2.582323253154754639e-01
2.577368617057800293e-01
2.572435140609741211e-01
2.567523419857025146e-01
2.562677860260009766e-01
2.557857334613800049e-01
2.553055286407470703e-01
2.548271417617797852e-01
2.543506026268005371e-01
2.538758516311645508e-01
2.534029185771942139e-01
2.529317736625671387e-01
2.524624466896057129e-01
2.519949078559875488e-01
2.515291571617126465e-01
2.510652244091033936e-01
2.506030499935150146e-01
2.501426339149475098e-01
2.496840357780456543e-01
2.492272257804870605e-01
2.487721741199493408e-01
2.483188807964324951e-01
2.478673905134201050e-01
2.474176436662673950e-01
2.469696998596191406e-01
2.465234845876693726e-01
2.460790723562240601e-01
2.456364035606384277e-01
2.451954931020736694e-01
2.447563409805297852e-01
2.443189471960067749e-01
2.438832968473434448e-01
2.434494346380233765e-01
2.430172860622406006e-01
2.425868809223175049e-01
2.421582192182540894e-01
2.417313158512115479e-01
2.413061410188674927e-01
2.408826649188995361e-01
2.404609620571136475e-01
2.400409430265426636e-01
2.396226674318313599e-01
2.392061054706573486e-01
2.387912571430206299e-01
2.383780926465988159e-01
2.379666566848754883e-01
2.375569343566894531e-01
2.371488809585571289e-01
2.367425411939620972e-01
2.363378852605819702e-01
2.359348833560943604e-01
2.355335950851440430e-01
2.351339459419250488e-01
2.347359955310821533e-01
2.343396842479705811e-01
2.339450567960739136e-01
2.335520684719085693e-01
2.331607341766357422e-01
2.327710241079330444e-01
2.323829829692840576e-01
2.319965213537216187e-01
2.316117137670516968e-01
2.312285602092742920e-01
2.308469712734222412e-01
2.304670214653015137e-01
2.300886660814285278e-01
2.297119200229644775e-01
2.293367385864257812e-01
2.289631962776184082e-01
2.285911738872528076e-01
2.282207608222961426e-01
2.278519123792648315e-01
2.274846434593200684e-01
2.271189242601394653e-01
2.267547249794006348e-01
2.263921201229095459e-01
2.260310351848602295e-01
2.256714403629302979e-01
2.253133952617645264e-01
2.249568998813629150e-01
2.246019095182418823e-01
2.242484092712402344e-01
2.238964140415191650e-01
2.235459089279174805e-01
2.231969237327575684e-01
2.228493690490722656e-01
2.225033193826675415e-01
2.221587449312210083e-01
2.218156009912490845e-01
2.214739322662353516e-01
2.211336791515350342e-01
2.207949161529541016e-01
2.204575538635253906e-01
2.201216369867324829e-01
2.197871208190917969e-01
2.194540351629257202e-01
2.191223502159118652e-01
2.187920808792114258e-01
2.184631824493408203e-01
2.181356847286224365e-01
2.178095579147338867e-01
2.174848169088363647e-01
2.171614170074462891e-01
2.168393731117248535e-01
2.165178954601287842e-01
2.161923646926879883e-01
2.158662229776382446e-01
2.155396044254302979e-01
2.152127027511596680e-01
2.148856073617935181e-01
2.145584225654602051e-01
2.142312526702880859e-01
2.139041870832443237e-01
2.135772705078125000e-01
2.132506072521209717e-01
2.129278630018234253e-01
2.126060426235198975e-01
2.122849673032760620e-01
2.119646072387695312e-01
2.116450071334838867e-01
2.113261520862579346e-01
2.110081017017364502e-01
2.106908261775970459e-01
2.103742659091949463e-01
2.100584805011749268e-01
2.097434997558593750e-01
2.094292938709259033e-01
2.091158330440521240e-01
2.088031768798828125e-01
2.084912955760955811e-01
2.081801593303680420e-01
2.078697979450225830e-01
2.075602412223815918e-01
2.072513997554779053e-01
2.069433480501174927e-01
2.066360712051391602e-01
2.063295245170593262e-01
2.060238122940063477e-01
2.057188153266906738e-01
2.054145634174346924e-01
2.051110863685607910e-01
2.048083692789077759e-01
2.045064270496368408e-01
2.042052298784255981e-01
2.039047777652740479e-01
2.036051154136657715e-01
2.033061832189559937e-01
2.030080258846282959e-01
2.027106285095214844e-01
2.024139612913131714e-01
2.021180987358093262e-01
2.018229514360427856e-01
2.015285640954971313e-01
2.012349665164947510e-01
2.009420990943908691e-01
2.006500214338302612e-01
2.003586590290069580e-01
2.000681012868881226e-01
1.997782886028289795e-01
1.994892358779907227e-01
1.992009878158569336e-01
1.989134699106216431e-01
1.986267268657684326e-01
1.983407288789749146e-01
1.980555355548858643e-01
1.977710872888565063e-01
1.974874138832092285e-01
1.972045302391052246e-01
1.969223916530609131e-01
1.966410279273986816e-01
1.963604539632797241e-01
1.960806548595428467e-01
1.958016455173492432e-01
1.955233961343765259e-01
1.952530741691589355e-01
1.950102448463439941e-01
1.947665810585021973e-01
1.945223510265350342e-01
1.942777335643768311e-01
1.940329968929290771e-01
1.937882751226425171e-01
1.935437470674514771e-01
1.932995915412902832e-01
1.930559128522872925e-01
1.928128600120544434e-01
1.925705224275588989e-01
1.923290044069290161e-01
1.920883953571319580e-01
1.918487548828125000e-01
1.916101574897766113e-01
1.913726776838302612e-01
1.911363005638122559e-01
1.909048110246658325e-01
1.906752735376358032e-01
1.904472112655639648e-01
1.902205944061279297e-01
1.899954974651336670e-01
1.897718757390975952e-01
1.895497739315032959e-01
1.893291771411895752e-01
1.891101002693176270e-01
1.888925135135650635e-01
1.886764168739318848e-01
1.884915232658386230e-01
1.883169412612915039e-01
1.881408393383026123e-01
1.879635155200958252e-01
1.877851039171218872e-01
1.876058280467987061e-01
1.874257922172546387e-01
1.872451901435852051e-01
1.870641410350799561e-01
1.868827044963836670e-01
1.867009997367858887e-01
1.865191161632537842e-01
1.863371133804321289e-01
1.861562132835388184e-01
1.859728842973709106e-01
1.857907176017761230e-01
1.856085956096649170e-01
1.854306906461715698e-01
1.852717250585556030e-01
1.851106286048889160e-01
1.849476695060729980e-01
1.847831606864929199e-01
1.846173554658889771e-01
1.844504773616790771e-01
1.842827200889587402e-01
1.841142773628234863e-01
1.839541345834732056e-01
1.838005781173706055e-01
1.836450099945068359e-01
1.834876388311386108e-01
1.833286881446838379e-01
1.831683218479156494e-01
1.830072402954101562e-01
1.828565299510955811e-01
1.827041506767272949e-01
1.825503110885620117e-01
1.823960840702056885e-01
1.822460293769836426e-01
1.820953637361526489e-01
1.819454729557037354e-01
1.817997992038726807e-01
1.816519051790237427e-01
1.815018504858016968e-01
1.813598573207855225e-01
1.812161505222320557e-01
1.810707300901412964e-01
1.809238791465759277e-01
1.807764917612075806e-01
1.806348860263824463e-01
1.804906874895095825e-01
1.803517639636993408e-01
1.802115738391876221e-01
1.800697445869445801e-01
1.799265295267105103e-01
1.797912120819091797e-01
1.796541810035705566e-01
1.795141994953155518e-01
1.793715357780456543e-01
1.792371571063995361e-01
1.791031062602996826e-01
1.789671778678894043e-01
1.788295805454254150e-01
1.786905527114868164e-01
1.785529106855392456e-01
1.784204691648483276e-01
1.782846599817276001e-01
1.781497299671173096e-01
1.780172884464263916e-01
1.778831183910369873e-01
1.777496337890625000e-01
1.776169538497924805e-01
1.774858236312866211e-01
1.773524135351181030e-01
1.772107034921646118e-01
1.770708262920379639e-01
1.769280135631561279e-01
1.767803430557250977e-01
1.766358017921447754e-01
1.764921247959136963e-01
1.763445138931274414e-01
1.762017905712127686e-01
1.760569214820861816e-01
1.759097278118133545e-01
1.757605224847793579e-01
1.756143271923065186e-01
1.754687428474426270e-01
1.753187924623489380e-01
1.751746684312820435e-01
1.750300228595733643e-01
1.748833358287811279e-01
1.747347116470336914e-01
1.745845079421997070e-01
1.744429916143417358e-01
1.742988824844360352e-01
1.741501539945602417e-01
1.739972829818725586e-01
1.738528311252593994e-01
1.737063527107238770e-01
1.735587120056152344e-01
1.734131574630737305e-01
1.732662320137023926e-01
1.731241792440414429e-01
1.729772090911865234e-01
1.728299856185913086e-01
1.726854890584945679e-01
1.725391000509262085e-01
1.723909974098205566e-01
1.722519099712371826e-01
1.721071600914001465e-01
1.719605624675750732e-01
1.718201935291290283e-01
1.716820597648620605e-01
1.715411990880966187e-01
1.713978946208953857e-01
1.712524741888046265e-01
1.711080223321914673e-01
1.709776371717453003e-01
1.708790808916091919e-01
1.707757413387298584e-01
1.706650555133819580e-01
1.705526113510131836e-01
1.704349219799041748e-01
1.703120172023773193e-01
1.701851189136505127e-01
1.700538247823715210e-01
1.699219942092895508e-01
1.697823405265808105e-01
1.696659475564956665e-01
1.695580631494522095e-01
1.694467961788177490e-01
1.693316996097564697e-01
1.692119240760803223e-01
1.690983027219772339e-01
1.689783185720443726e-01
1.688501536846160889e-01
1.687227785587310791e-01
1.685979813337326050e-01
1.684720516204833984e-01
1.683646738529205322e-01
1.682529747486114502e-01
1.681351065635681152e-01
1.680144667625427246e-01
1.678885221481323242e-01
1.677600741386413574e-01
1.676369607448577881e-01
1.675232350826263428e-01
1.674072742462158203e-01
1.672887206077575684e-01
1.671695113182067871e-01
1.670467853546142578e-01
1.669295430183410645e-01
1.668187379837036133e-01
1.667111814022064209e-01
1.666065305471420288e-01
1.665036082267761230e-01
1.664010882377624512e-01
1.662998795509338379e-01
1.662036329507827759e-01
1.660994589328765869e-01
1.659922599792480469e-01
1.658838093280792236e-01
1.657778173685073853e-01
1.656704396009445190e-01
1.655625998973846436e-01
1.654548048973083496e-01
1.653452217578887939e-01
1.652351617813110352e-01
1.651401221752166748e-01
1.650323271751403809e-01
1.649289578199386597e-01
1.648285686969757080e-01
1.647231280803680420e-01
1.646128892898559570e-01
1.645070910453796387e-01
1.644034385681152344e-01
1.642897874116897583e-01
1.641793996095657349e-01
1.640778928995132446e-01
1.639724969863891602e-01
1.638644188642501831e-01
1.637508869171142578e-01
1.636441051959991455e-01
1.635364294052124023e-01
1.634268760681152344e-01
1.633221060037612915e-01
1.632192432880401611e-01
1.631077378988265991e-01
1.630043983459472656e-01
1.628937572240829468e-01
1.627853512763977051e-01
1.626839935779571533e-01
1.625764966011047363e-01
1.624656915664672852e-01
1.623600423336029053e-01
1.622576415538787842e-01
1.621587276458740234e-01
1.620520651340484619e-01
1.619350463151931763e-01
1.618306040763854980e-01
1.617216169834136963e-01
1.616193354129791260e-01
1.615111082792282104e-01
1.614000201225280762e-01
1.613019406795501709e-01
1.611983776092529297e-01
1.610860228538513184e-01
1.609774827957153320e-01
1.608821451663970947e-01
1.607739627361297607e-01
1.606620550155639648e-01
1.605445742607116699e-01
1.604477167129516602e-01
1.603401154279708862e-01
1.602349281311035156e-01
1.601314097642898560e-01
1.600282788276672363e-01
1.599134206771850586e-01
1.597946584224700928e-01
1.596906930208206177e-01
1.595801413059234619e-01
1.594738960266113281e-01
1.593646705150604248e-01
1.592602878808975220e-01
1.591520607471466064e-01
1.590450108051300049e-01
1.589285582304000854e-01
1.588254868984222412e-01
1.587155610322952271e-01
1.586044132709503174e-01
1.584947407245635986e-01
1.583862602710723877e-01
1.582754254341125488e-01
1.581637859344482422e-01
1.580620110034942627e-01
1.579516828060150146e-01
1.578364372253417969e-01
1.577337086200714111e-01
1.576211452484130859e-01
1.575160324573516846e-01
1.574056446552276611e-01
1.572930812835693359e-01
1.571813225746154785e-01
1.570696085691452026e-01
1.569541394710540771e-01
1.568465232849121094e-01
1.567355096340179443e-01
1.566234678030014038e-01
1.565130203962326050e-01
1.564009487628936768e-01
1.562928110361099243e-01
1.561824828386306763e-01
1.560639888048171997e-01
1.559554636478424072e-01
1.558426916599273682e-01
1.557254791259765625e-01
1.556117832660675049e-01
1.555045992136001587e-01
1.553857773542404175e-01
1.552735865116119385e-01
1.551655977964401245e-01
1.550420820713043213e-01
1.549370884895324707e-01
1.548277735710144043e-01
1.547073274850845337e-01
1.545913517475128174e-01
1.544775366783142090e-01
1.543579399585723877e-01
1.542433500289916992e-01
1.541265994310379028e-01
1.540142893791198730e-01
1.538963317871093750e-01
1.537888199090957642e-01
1.536731123924255371e-01
1.535565853118896484e-01
1.534346938133239746e-01
1.533219814300537109e-01
1.532099545001983643e-01
1.530911624431610107e-01
1.529673039913177490e-01
1.528558433055877686e-01
1.527447700500488281e-01
1.526217311620712280e-01
1.525042057037353516e-01
1.524003446102142334e-01
1.522817015647888184e-01
1.521490514278411865e-01
1.520367860794067383e-01
1.519310623407363892e-01
1.518196910619735718e-01
1.517171710729598999e-01
1.516065001487731934e-01
1.514945775270462036e-01
1.513855457305908203e-01
1.512666195631027222e-01
1.511607766151428223e-01
1.510515809059143066e-01
1.509372144937515259e-01
1.508131623268127441e-01
1.507134437561035156e-01
1.506039798259735107e-01
1.504901498556137085e-01
1.503634601831436157e-01
1.502526700496673584e-01
1.501407921314239502e-01
1.500285565853118896e-01
1.499054580926895142e-01
1.498039364814758301e-01
1.496979445219039917e-01
1.495827734470367432e-01
1.494495868682861328e-01
1.493482589721679688e-01
1.492383778095245361e-01
1.491174101829528809e-01
1.489962339401245117e-01
1.488842070102691650e-01
1.487703621387481689e-01
1.486511379480361938e-01
1.485332548618316650e-01
1.484234333038330078e-01
1.483027040958404541e-01
1.481899321079254150e-01
1.480751931667327881e-01
1.479531228542327881e-01
1.478362679481506348e-01
1.477269977331161499e-01
1.476121544837951660e-01
1.474923193454742432e-01
1.473746895790100098e-01
1.472576707601547241e-01
1.471395939588546753e-01
1.470240801572799683e-01
1.469083726406097412e-01
1.467966735363006592e-01
1.466806232929229736e-01
1.465542465448379517e-01
1.464512497186660767e-01
1.463404595851898193e-01
1.462135165929794312e-01
1.460897922515869141e-01
1.459876000881195068e-01
1.458693146705627441e-01
1.457583308219909668e-01
1.456332653760910034e-01
1.455063521862030029e-01
1.453873813152313232e-01
1.452787369489669800e-01
1.451552957296371460e-01
1.450320631265640259e-01
1.449074745178222656e-01
1.447913050651550293e-01
1.446709036827087402e-01
1.445466727018356323e-01
1.444334387779235840e-01
1.443104594945907593e-01
1.441930234432220459e-01
1.440807282924652100e-01
1.439611911773681641e-01
1.438303440809249878e-01
1.437087506055831909e-01
1.435889750719070435e-01
1.434707939624786377e-01
1.433517932891845703e-01
1.432316005229949951e-01
1.431186795234680176e-01
1.429915130138397217e-01
1.428755521774291992e-01
1.427565217018127441e-01
1.426248550415039062e-01
1.425090432167053223e-01
1.423945575952529907e-01
1.422658413648605347e-01
1.421429812908172607e-01
1.420270651578903198e-01
1.419120728969573975e-01
1.417882442474365234e-01
1.416725069284439087e-01
1.415540724992752075e-01
1.414285451173782349e-01
1.412931829690933228e-01
1.411860436201095581e-01
1.410698890686035156e-01
1.409350037574768066e-01
1.408116817474365234e-01
1.406971216201782227e-01
1.405784785747528076e-01
1.404482573270797729e-01
1.403233408927917480e-01
1.402056813240051270e-01
1.400791257619857788e-01
1.399566978216171265e-01
1.398323625326156616e-01
1.397131681442260742e-01
1.395958364009857178e-01
1.394743025302886963e-01
1.393409073352813721e-01
1.392318457365036011e-01
1.391127556562423706e-01
1.389809250831604004e-01
1.388541609048843384e-01
1.387363225221633911e-01
1.386042237281799316e-01
1.384882926940917969e-01
1.383750140666961670e-01
1.382476985454559326e-01
1.381154358386993408e-01
1.380003243684768677e-01
1.378760188817977905e-01
1.377624422311782837e-01
1.376355290412902832e-01
1.375141143798828125e-01
1.373921036720275879e-01
1.372689604759216309e-01
1.371323019266128540e-01
1.370121240615844727e-01
1.368899047374725342e-01
1.367596089839935303e-01
1.366357505321502686e-01
1.365121304988861084e-01
1.363897770643234253e-01
1.362694203853607178e-01
1.361406296491622925e-01
1.360255926847457886e-01
1.359010040760040283e-01
1.357730031013488770e-01
1.356573700904846191e-01
1.355436146259307861e-01
1.354163587093353271e-01
1.352798938751220703e-01
1.351641118526458740e-01
1.350442022085189819e-01
1.349265873432159424e-01
1.347992569208145142e-01
1.346740275621414185e-01
1.345495432615280151e-01
1.344191431999206543e-01
1.342900991439819336e-01
1.341687291860580444e-01
1.340447664260864258e-01
1.339232623577117920e-01
1.338098943233489990e-01
1.336831152439117432e-01
1.335459202527999878e-01
1.334395110607147217e-01
1.333234012126922607e-01
1.332000494003295898e-01
1.330567151308059692e-01
1.329516470432281494e-01
1.328430026769638062e-01
1.327229142189025879e-01
1.325845122337341309e-01
1.324440389871597290e-01
1.323283612728118896e-01
1.322136968374252319e-01
1.320937573909759521e-01
1.319583952426910400e-01
1.318231076002120972e-01
1.317095607519149780e-01
1.315815001726150513e-01
1.314530372619628906e-01
1.313365548849105835e-01
1.312057375907897949e-01
1.310953646898269653e-01
1.309735476970672607e-01
1.308351606130599976e-01
1.307360380887985229e-01
1.306226253509521484e-01
1.304885447025299072e-01
1.303510367870330811e-01
1.302390843629837036e-01
1.301169842481613159e-01
1.299828290939331055e-01
1.298615932464599609e-01
1.297375261783599854e-01
1.296178400516510010e-01
1.294993311166763306e-01
1.293769776821136475e-01
1.292448490858078003e-01
1.291245222091674805e-01
1.290036439895629883e-01
1.288891136646270752e-01
1.287681758403778076e-01
1.286435872316360474e-01
1.285175532102584839e-01
1.283926963806152344e-01
1.282769292593002319e-01
1.281648278236389160e-01
1.280397325754165649e-01
1.279070228338241577e-01
1.277957558631896973e-01
1.276848763227462769e-01
1.275608092546463013e-01
1.274223476648330688e-01
1.272949278354644775e-01
1.271801292896270752e-01
1.270576864480972290e-01
1.269334703683853149e-01
1.267992705106735229e-01
1.266990453004837036e-01
1.265832781791687012e-01
1.264589428901672363e-01
1.263284385204315186e-01
1.262118667364120483e-01
1.261093914508819580e-01
1.259873658418655396e-01
1.258638203144073486e-01
1.257358789443969727e-01
1.256084889173507690e-01
1.254902184009552002e-01
1.253783851861953735e-01
1.252540946006774902e-01
1.251364350318908691e-01
1.250085532665252686e-01
1.249061524868011475e-01
1.247926950454711914e-01
1.246604546904563904e-01
1.245209574699401855e-01
1.243975013494491577e-01
1.242871433496475220e-01
1.241649091243743896e-01
1.240359544754028320e-01
1.239223554730415344e-01
1.238001883029937744e-01
1.236807554960250854e-01
1.235578358173370361e-01
1.234401315450668335e-01
1.233199536800384521e-01
1.232079863548278809e-01
1.230904161930084229e-01
1.229596138000488281e-01
1.228484883904457092e-01
1.227390468120574951e-01
1.226185634732246399e-01
1.224856823682785034e-01
1.223721951246261597e-01
1.222594678401947021e-01
1.221345067024230957e-01
1.220119893550872803e-01
1.219066083431243896e-01
1.217803061008453369e-01
1.216688305139541626e-01
1.215511932969093323e-01
1.214311644434928894e-01
1.213040202856063843e-01
1.212084665894508362e-01
1.210961416363716125e-01
1.209822148084640503e-01
1.208518743515014648e-01
1.207129359245300293e-01
1.206218898296356201e-01
1.205277740955352783e-01
1.204129830002784729e-01
1.202781647443771362e-01
1.201318502426147461e-01
1.200291961431503296e-01
1.199273690581321716e-01
1.198082864284515381e-01
1.196882948279380798e-01
1.195645481348037720e-01
1.194387748837471008e-01
1.193275749683380127e-01
1.192102059721946716e-01
1.190897673368453979e-01
1.189725771546363831e-01
1.188635379076004028e-01
1.187543570995330811e-01
1.186304390430450439e-01
1.184953153133392334e-01
1.184072047472000122e-01
1.183046251535415649e-01
1.181823015213012695e-01
1.180439591407775879e-01
1.179354935884475708e-01
1.178336068987846375e-01
1.177095472812652588e-01
1.175811439752578735e-01
1.174780577421188354e-01
1.173697039484977722e-01
1.172510087490081787e-01
1.171274930238723755e-01
1.170196011662483215e-01
1.169106066226959229e-01
1.167972609400749207e-01
1.166832372546195984e-01
1.165631711483001709e-01
1.164337322115898132e-01
1.163416504859924316e-01
1.162404939532279968e-01
1.161199361085891724e-01
1.160004809498786926e-01
1.158774346113204956e-01
1.157701611518859863e-01
1.156696677207946777e-01
1.155589073896408081e-01
1.154289096593856812e-01
1.153007000684738159e-01
1.152127534151077271e-01
1.151126027107238770e-01
1.149924173951148987e-01
1.148790791630744934e-01
1.147549226880073547e-01
1.146495789289474487e-01
1.145346462726593018e-01
1.144486665725708008e-01
1.143458485603332520e-01
1.142211779952049255e-01
1.140846759080886841e-01
1.139575392007827759e-01
1.138645112514495850e-01
1.137517765164375305e-01
1.136270761489868164e-01
1.135221421718597412e-01
1.134147644042968750e-01
1.132998615503311157e-01
1.131799668073654175e-01
1.130600944161415100e-01
1.129553318023681641e-01
1.128416955471038818e-01
1.127313598990440369e-01
1.126257404685020447e-01
1.125127077102661133e-01
1.123959422111511230e-01
1.122901961207389832e-01
1.121789962053298950e-01
1.120753288269042969e-01
1.119619011878967285e-01
1.118512749671936035e-01
1.117401570081710815e-01
1.116401553153991699e-01
1.115325242280960083e-01
1.114126145839691162e-01
1.113196760416030884e-01
1.112191379070281982e-01
1.111000776290893555e-01
1.109819263219833374e-01
1.108775883913040161e-01
1.107771322131156921e-01
1.106652468442916870e-01
1.105504333972930908e-01
1.104431897401809692e-01
1.103310957551002502e-01
1.102239340543746948e-01
1.101238206028938293e-01
1.100098565220832825e-01
1.099009662866592407e-01
1.097943782806396484e-01
1.096876487135887146e-01
1.095714420080184937e-01
1.094715148210525513e-01
1.093628108501434326e-01
1.092559248208999634e-01
1.091472059488296509e-01
1.090512946248054504e-01
1.089442744851112366e-01
1.088238209486007690e-01
1.087219566106796265e-01
1.086206585168838501e-01
1.085124313831329346e-01
1.084060519933700562e-01
1.082930266857147217e-01
1.081854104995727539e-01
1.080815717577934265e-01
1.079752668738365173e-01
1.078682094812393188e-01
1.077635288238525391e-01
1.076611056923866272e-01
1.075531318783760071e-01
1.074467599391937256e-01
1.073448210954666138e-01
1.072465628385543823e-01
1.071318387985229492e-01
1.070400699973106384e-01
1.069430336356163025e-01
1.068273410201072693e-01
1.067146882414817810e-01
1.066212281584739685e-01
1.065237075090408325e-01
1.064150780439376831e-01
1.063010990619659424e-01
1.062053591012954712e-01
1.061063259840011597e-01
1.060059666633605957e-01
1.059001088142395020e-01
1.057954430580139160e-01
1.056846529245376587e-01
1.055863425135612488e-01
1.054873839020729065e-01
1.053846627473831177e-01
1.052708402276039124e-01
1.051655039191246033e-01
1.050701215863227844e-01
1.049673110246658325e-01
1.048525869846343994e-01
1.047633141279220581e-01
1.046666949987411499e-01
1.045593097805976868e-01
1.044409126043319702e-01
1.043515056371688843e-01
1.042557880282402039e-01
1.041450500488281250e-01
1.040387824177742004e-01
1.039441823959350586e-01
1.038410216569900513e-01
1.037413626909255981e-01
1.036362946033477783e-01
1.035343185067176819e-01
1.034432724118232727e-01
1.033380776643753052e-01
1.032286211848258972e-01
1.031382679939270020e-01
1.030416190624237061e-01
1.029445156455039978e-01
1.028282791376113892e-01
1.027337759733200073e-01
1.026393622159957886e-01
1.025406867265701294e-01
1.024275422096252441e-01
1.023268923163414001e-01
1.022316589951515198e-01
1.021235138177871704e-01
1.020150855183601379e-01
1.019236743450164795e-01
1.018279641866683960e-01
1.017288863658905029e-01
1.016230881214141846e-01
1.015237271785736084e-01
1.014214828610420227e-01
1.013288199901580811e-01
1.012307852506637573e-01
1.011271178722381592e-01
1.010401397943496704e-01
1.009413897991180420e-01
1.008486598730087280e-01
1.007387340068817139e-01
1.006461158394813538e-01
1.005555167794227600e-01
1.004582792520523071e-01
1.003546491265296936e-01
1.002481058239936829e-01
1.001424640417098999e-01
1.000553071498870850e-01
9.996879100799560547e-02
9.987154603004455566e-02
9.976136684417724609e-02
9.965994954109191895e-02
9.956693649291992188e-02
9.946934133768081665e-02
9.935890883207321167e-02
9.927780926227569580e-02
9.918873012065887451e-02
9.908717870712280273e-02
9.898242354393005371e-02
9.888452291488647461e-02
9.879171103239059448e-02
9.869301319122314453e-02
9.860187768936157227e-02
9.850903600454330444e-02
9.841324388980865479e-02
9.829982370138168335e-02
9.820649027824401855e-02
9.811680018901824951e-02
9.800943732261657715e-02
9.792768955230712891e-02
9.784068167209625244e-02
9.774264693260192871e-02
9.763084352016448975e-02
9.754731506109237671e-02
9.746593236923217773e-02
9.737138450145721436e-02
9.726207703351974487e-02
9.715975821018218994e-02
9.706954658031463623e-02
9.697243571281433105e-02
9.688521921634674072e-02
9.678906947374343872e-02
9.669163823127746582e-02
9.659031033515930176e-02
9.649607539176940918e-02
9.640133380889892578e-02
9.630656242370605469e-02
9.620893001556396484e-02
9.611766040325164795e-02
9.602215141057968140e-02
9.593109041452407837e-02
9.583038836717605591e-02
9.573846310377120972e-02
9.565340727567672729e-02
9.556189924478530884e-02
9.546425938606262207e-02
9.536203742027282715e-02
9.527739137411117554e-02
9.518578648567199707e-02
9.508591145277023315e-02
9.499037265777587891e-02
9.490865468978881836e-02
9.481000900268554688e-02
9.471207857131958008e-02
9.462135285139083862e-02
9.452704340219497681e-02
9.443767368793487549e-02
9.434578567743301392e-02
9.425631165504455566e-02
9.415958821773529053e-02
9.406136721372604370e-02
9.397549927234649658e-02
9.388348460197448730e-02
9.379215538501739502e-02
9.370060265064239502e-02
9.360311925411224365e-02
9.351617842912673950e-02
9.342931956052780151e-02
9.333625435829162598e-02
9.323800355195999146e-02
9.314965456724166870e-02
9.306091070175170898e-02
9.296575188636779785e-02
9.287576377391815186e-02
9.278880059719085693e-02
9.269049763679504395e-02
9.260532259941101074e-02
9.252002835273742676e-02
9.242346882820129395e-02
9.233143180608749390e-02
9.225183725357055664e-02
9.216161072254180908e-02
9.206969290971755981e-02
9.198336303234100342e-02
9.188652038574218750e-02
9.179508686065673828e-02
9.171096235513687134e-02
9.162802249193191528e-02
9.153206646442413330e-02
9.144699573516845703e-02
9.136072546243667603e-02
9.126163274049758911e-02
9.117068350315093994e-02
9.108182787895202637e-02
9.098971635103225708e-02
9.090270102024078369e-02
9.080827236175537109e-02
9.071928262710571289e-02
9.062688797712326050e-02
9.054365754127502441e-02
9.046418964862823486e-02
9.036965668201446533e-02
9.026968479156494141e-02
9.018175303936004639e-02
9.009341895580291748e-02
9.000065922737121582e-02
8.992230892181396484e-02
8.984243124723434448e-02
8.974900841712951660e-02
8.965839445590972900e-02
8.957214653491973877e-02
8.948819339275360107e-02
8.939880132675170898e-02
8.930458873510360718e-02
8.921094238758087158e-02
8.913197368383407593e-02
8.904525637626647949e-02
8.895363658666610718e-02
8.886148780584335327e-02
8.878663182258605957e-02
8.870132267475128174e-02
8.860833942890167236e-02
8.851897716522216797e-02
8.843801170587539673e-02
8.834576606750488281e-02
8.826071768999099731e-02
8.817569911479949951e-02
8.808822929859161377e-02
8.799989521503448486e-02
8.790699392557144165e-02
8.781386911869049072e-02
8.772965520620346069e-02
8.764515817165374756e-02
8.755803108215332031e-02
8.746854960918426514e-02
8.737582713365554810e-02
8.730076998472213745e-02
8.721680194139480591e-02
8.712790906429290771e-02
8.704399317502975464e-02
8.695635199546813965e-02
8.687024563550949097e-02
8.678877353668212891e-02
8.670484274625778198e-02
8.661124110221862793e-02
8.652666956186294556e-02
8.643871545791625977e-02
8.635260909795761108e-02
8.626777678728103638e-02
8.619063347578048706e-02
8.610516786575317383e-02
8.601263165473937988e-02
8.592679351568222046e-02
8.584885299205780029e-02
8.576517552137374878e-02
8.567522466182708740e-02
8.558622747659683228e-02
8.550312370061874390e-02
8.542051911354064941e-02
8.533224463462829590e-02
8.524680882692337036e-02
8.516395092010498047e-02
8.508370816707611084e-02
8.499476313591003418e-02
8.490807563066482544e-02
8.483569324016571045e-02
8.474712818861007690e-02
8.466017991304397583e-02
8.458197116851806641e-02
8.450650423765182495e-02
8.441948890686035156e-02
8.432969450950622559e-02
8.424333482980728149e-02
8.415880799293518066e-02
8.407288789749145508e-02
8.398813009262084961e-02
8.390107750892639160e-02
8.382009714841842651e-02
8.373995125293731689e-02
8.364091813564300537e-02
8.357018232345581055e-02
8.349227905273437500e-02
8.340267091989517212e-02
8.331964910030364990e-02
8.323687314987182617e-02
8.315904438495635986e-02
8.307479321956634521e-02
8.299098163843154907e-02
8.290606737136840820e-02
8.281721174716949463e-02
8.274367451667785645e-02
8.265957236289978027e-02
8.257619291543960571e-02
8.249009400606155396e-02
8.239983022212982178e-02
8.231857419013977051e-02
8.224038779735565186e-02
8.215425908565521240e-02
8.207006752490997314e-02
8.198753744363784790e-02
8.191547542810440063e-02
8.183512091636657715e-02
8.174508810043334961e-02
8.165817707777023315e-02
8.158555626869201660e-02
8.149654418230056763e-02
8.140587806701660156e-02
8.132370561361312866e-02
8.124533295631408691e-02
8.116668462753295898e-02
8.108296990394592285e-02
8.099119365215301514e-02
8.090703189373016357e-02
8.082766830921173096e-02
8.074459433555603027e-02
8.066350221633911133e-02
8.059211075305938721e-02
8.050558716058731079e-02
8.041734993457794189e-02
8.034170418977737427e-02
8.026167005300521851e-02
8.017199486494064331e-02
8.009210973978042603e-02
8.000817149877548218e-02
7.992753386497497559e-02
7.984711229801177979e-02
7.976900041103363037e-02
7.968392968177795410e-02
7.960180938243865967e-02
7.952137291431427002e-02
7.944040000438690186e-02
7.935808598995208740e-02
7.928544282913208008e-02
7.920347899198532104e-02
7.911248505115509033e-02
7.903445512056350708e-02
7.895749062299728394e-02
7.888720184564590454e-02
7.879765331745147705e-02
7.871171832084655762e-02
7.862404733896255493e-02
7.855618000030517578e-02
7.848344743251800537e-02
7.839870452880859375e-02
7.830633223056793213e-02
7.822352647781372070e-02
7.815365493297576904e-02
7.807536423206329346e-02
7.798740267753601074e-02
7.790525257587432861e-02
7.781846821308135986e-02
7.775202393531799316e-02
7.767037302255630493e-02
7.758370041847229004e-02
7.750432938337326050e-02
7.742382586002349854e-02
7.734210789203643799e-02
7.725936174392700195e-02
7.717591524124145508e-02
7.709409296512603760e-02
7.701497524976730347e-02
7.693751156330108643e-02
7.685372233390808105e-02
7.677227258682250977e-02
7.669682055711746216e-02
7.661511003971099854e-02
7.653474807739257812e-02
7.645371556282043457e-02
7.637345045804977417e-02
7.629567384719848633e-02
7.621570676565170288e-02
7.613995671272277832e-02
7.605917006731033325e-02
7.597230374813079834e-02
7.590286433696746826e-02
7.581987977027893066e-02
7.573284208774566650e-02
7.565485686063766479e-02
7.557471096515655518e-02
7.549520581960678101e-02
7.542283087968826294e-02
7.534392178058624268e-02
7.525828480720520020e-02
7.517828047275543213e-02
7.509888708591461182e-02
7.501689344644546509e-02
7.494350522756576538e-02
7.486090809106826782e-02
7.477728277444839478e-02
7.470217347145080566e-02
7.462516427040100098e-02
7.454013079404830933e-02
7.445548474788665771e-02
7.438081502914428711e-02
7.430288940668106079e-02
7.422320544719696045e-02
7.414127886295318604e-02
7.406164705753326416e-02
7.398358732461929321e-02
7.391160726547241211e-02
7.383043318986892700e-02
7.374538481235504150e-02
7.367582619190216064e-02
7.359887659549713135e-02
7.351332902908325195e-02
7.342682033777236938e-02
7.334718853235244751e-02
7.327137887477874756e-02
7.319110631942749023e-02
7.311788201332092285e-02
7.303447276353836060e-02
7.296290993690490723e-02
7.288736104965209961e-02
7.280264794826507568e-02
7.271746546030044556e-02
7.263912260532379150e-02
7.256741821765899658e-02
7.248878479003906250e-02
7.240207493305206299e-02
7.233095914125442505e-02
7.225790619850158691e-02
7.217836380004882812e-02
7.209156453609466553e-02
7.201337814331054688e-02
7.194255292415618896e-02
7.186349481344223022e-02
7.177576422691345215e-02
7.170671224594116211e-02
7.162966579198837280e-02
7.154209166765213013e-02
7.146336883306503296e-02
7.137988507747650146e-02
7.130814343690872192e-02
7.123440504074096680e-02
7.115282118320465088e-02
7.107318937778472900e-02
7.099512964487075806e-02
7.091850042343139648e-02
7.083500921726226807e-02
7.076426595449447632e-02
7.068579643964767456e-02
7.059836387634277344e-02
7.052770256996154785e-02
7.045617699623107910e-02
7.037536799907684326e-02
7.028716802597045898e-02
7.021478563547134399e-02
7.014709711074829102e-02
7.006829977035522461e-02
6.999421864748001099e-02
6.991668045520782471e-02
6.983464956283569336e-02
6.975437700748443604e-02
6.967101246118545532e-02
6.958492845296859741e-02
6.951746344566345215e-02
6.944710016250610352e-02
6.936653703451156616e-02
6.928427517414093018e-02
6.920054554939270020e-02
6.911508738994598389e-02
6.905727833509445190e-02
6.899874657392501831e-02
6.893074512481689453e-02
6.885863095521926880e-02
6.878618896007537842e-02
6.871138513088226318e-02
6.863452494144439697e-02
6.856207549571990967e-02
6.849036365747451782e-02
6.841403245925903320e-02
6.835366785526275635e-02
6.829249858856201172e-02
6.822092831134796143e-02
6.814298033714294434e-02
6.807438284158706665e-02
6.801171600818634033e-02
6.793971359729766846e-02
6.787301599979400635e-02
6.779766082763671875e-02
6.773243844509124756e-02
6.767094135284423828e-02
6.760011613368988037e-02
6.752341985702514648e-02
6.745486706495285034e-02
6.738199293613433838e-02
6.730967760086059570e-02
6.724236905574798584e-02
6.717669963836669922e-02
6.710708886384963989e-02
6.703317165374755859e-02
6.696307659149169922e-02
6.689663231372833252e-02
6.682964414358139038e-02
6.676230579614639282e-02
6.669083237648010254e-02
6.662745773792266846e-02
6.655833870172500610e-02
6.648359447717666626e-02
6.642858684062957764e-02
6.636017560958862305e-02
6.628113985061645508e-02
6.621766090393066406e-02
6.614954769611358643e-02
6.608387082815170288e-02
6.601432710886001587e-02
6.594623625278472900e-02
6.588430702686309814e-02
6.582227349281311035e-02
6.575298309326171875e-02
6.568239629268646240e-02
6.560947000980377197e-02
6.554040312767028809e-02
6.547830253839492798e-02
6.541676819324493408e-02
6.534601747989654541e-02
6.526778638362884521e-02
6.521725654602050781e-02
6.515542417764663696e-02
6.508240103721618652e-02
6.501378864049911499e-02
6.494284421205520630e-02
6.487658619880676270e-02
6.481322646141052246e-02
6.474632024765014648e-02
6.467603892087936401e-02
6.461164355278015137e-02
6.454665213823318481e-02
6.447391211986541748e-02
6.441099196672439575e-02
6.434840708971023560e-02
6.428187340497970581e-02
6.421748548746109009e-02
6.414981186389923096e-02
6.408424675464630127e-02
6.402084231376647949e-02
6.395142525434494019e-02
6.388869881629943848e-02
6.381930410861968994e-02
6.375336647033691406e-02
6.369155645370483398e-02
6.362725794315338135e-02
6.356140971183776855e-02
6.350219994783401489e-02
6.343533098697662354e-02
6.336508691310882568e-02
6.329603493213653564e-02
6.323309242725372314e-02
6.316934525966644287e-02
6.310930848121643066e-02
6.304402649402618408e-02
6.297960877418518066e-02
6.291519105434417725e-02
6.285406649112701416e-02
6.278751790523529053e-02
6.272116303443908691e-02
6.265935301780700684e-02
6.259363889694213867e-02
6.252826750278472900e-02
6.247083842754364014e-02
6.240974366664886475e-02
6.233781203627586365e-02
6.227797642350196838e-02
6.221411004662513733e-02
6.214837357401847839e-02
6.208404153585433960e-02
6.201957538723945618e-02
6.195878982543945312e-02
6.189973652362823486e-02
6.183474510908126831e-02
6.176847964525222778e-02
6.170710176229476929e-02
6.164143979549407959e-02
6.157794222235679626e-02
6.152005121111869812e-02
6.145141273736953735e-02
6.138753145933151245e-02
6.132212281227111816e-02
6.126608699560165405e-02
6.121085584163665771e-02
6.114166975021362305e-02
6.107784807682037354e-02
6.101724132895469666e-02
6.094973906874656677e-02
6.088873744010925293e-02
6.082814559340476990e-02
6.076209992170333862e-02
6.070588156580924988e-02
6.064560636878013611e-02
6.058019772171974182e-02
6.051610410213470459e-02
6.045657768845558167e-02
6.040012091398239136e-02
6.033919379115104675e-02
6.027440354228019714e-02
6.020437926054000854e-02
6.015126407146453857e-02
6.009093299508094788e-02
6.002380326390266418e-02
5.995898321270942688e-02
5.989701673388481140e-02
5.983524769544601440e-02
5.977308750152587891e-02
5.971348285675048828e-02
5.965650826692581177e-02
5.959628894925117493e-02
5.953125655651092529e-02
5.946860462427139282e-02
5.941069871187210083e-02
5.935150012373924255e-02
5.928614735603332520e-02
5.922295898199081421e-02
5.916082113981246948e-02
5.910021811723709106e-02
5.904268845915794373e-02
5.898530036211013794e-02
5.891958624124526978e-02
5.886232852935791016e-02
5.880569666624069214e-02
5.874838680028915405e-02
5.869021266698837280e-02
5.863125622272491455e-02
5.857218056917190552e-02
5.851557105779647827e-02
5.845247581601142883e-02
5.839022248983383179e-02
5.832423269748687744e-02
5.826684087514877319e-02
5.821143463253974915e-02
5.815125256776809692e-02
5.808468163013458252e-02
5.802794545888900757e-02
5.796523019671440125e-02
5.790839716792106628e-02
5.784592777490615845e-02
5.779507011175155640e-02
5.773859471082687378e-02
5.767649412155151367e-02
5.761554837226867676e-02
5.754926055669784546e-02
5.748679861426353455e-02
5.743823945522308350e-02
5.738251656293869019e-02
5.731245130300521851e-02
5.724991485476493835e-02
5.719844996929168701e-02
5.714244768023490906e-02
5.707702040672302246e-02
5.701678246259689331e-02
5.696221068501472473e-02
5.690230056643486023e-02
5.684198439121246338e-02
5.678288638591766357e-02
5.672195553779602051e-02
5.666344985365867615e-02
5.660325288772583008e-02
5.654706805944442749e-02
5.648531764745712280e-02
5.642976611852645874e-02
5.636991932988166809e-02
5.631241947412490845e-02
5.625690519809722900e-02
5.619633942842483521e-02
5.614138767123222351e-02
5.607998743653297424e-02
5.602511763572692871e-02
5.596628412604331970e-02
5.590803176164627075e-02
5.585284531116485596e-02
5.579269677400588989e-02
5.573833733797073364e-02
5.567966774106025696e-02
5.562341585755348206e-02
5.556690320372581482e-02
5.550747364759445190e-02
5.545031279325485229e-02
5.539447814226150513e-02
5.533841997385025024e-02
5.528238788247108459e-02
5.522580444812774658e-02
5.516649037599563599e-02
5.510973185300827026e-02
5.505128204822540283e-02
5.499405786395072937e-02
5.493811145424842834e-02
5.488960444927215576e-02
5.482999980449676514e-02
5.476997792720794678e-02
5.471270531415939331e-02
5.465695261955261230e-02
5.460026860237121582e-02
5.454663932323455811e-02
5.448943376541137695e-02
5.443381145596504211e-02
5.437372252345085144e-02
5.431795865297317505e-02
5.426211655139923096e-02
5.420378968119621277e-02
5.414605885744094849e-02
5.409428477287292480e-02
5.404061079025268555e-02
5.398536100983619690e-02
5.393053218722343445e-02
5.386683344841003418e-02
5.381897836923599243e-02
5.376562103629112244e-02
5.370461940765380859e-02
5.364874750375747681e-02
5.359423905611038208e-02
5.353943258523941040e-02
5.348613113164901733e-02
5.342970415949821472e-02
5.337471514940261841e-02
5.331873521208763123e-02
5.326101183891296387e-02
5.320930480957031250e-02
5.315858125686645508e-02
5.309796705842018127e-02
5.304415524005889893e-02
5.299336463212966919e-02
5.293764173984527588e-02
5.287737399339675903e-02
5.282379686832427979e-02
5.277397483587265015e-02
5.271675437688827515e-02
5.265972018241882324e-02
5.260842666029930115e-02
5.255255103111267090e-02
5.250005424022674561e-02
5.244131386280059814e-02
5.239167809486389160e-02
5.233320221304893494e-02
5.227813869714736938e-02
5.222648754715919495e-02
5.217842012643814087e-02
5.212401226162910461e-02
5.206066742539405823e-02
5.201264098286628723e-02
5.196233093738555908e-02
5.190833285450935364e-02
5.185103788971900940e-02
5.179852992296218872e-02
5.174266174435615540e-02
5.168433859944343567e-02
5.163007974624633789e-02
5.158088356256484985e-02
5.152708664536476135e-02
5.147098004817962646e-02
5.142007768154144287e-02
5.136271193623542786e-02
5.130644142627716064e-02
5.125555396080017090e-02
5.120254680514335632e-02
5.114909261465072632e-02
5.109908059239387512e-02
5.104540288448333740e-02
5.099059641361236572e-02
5.093908682465553284e-02
5.088388547301292419e-02
5.082998424768447876e-02
5.078398436307907104e-02
5.072955042123794556e-02
5.067288875579833984e-02
5.062086135149002075e-02
5.056882649660110474e-02
5.051622167229652405e-02
5.046390369534492493e-02
5.041519179940223694e-02
5.036351829767227173e-02
5.030853301286697388e-02
5.025412887334823608e-02
5.019570514559745789e-02
5.014294385910034180e-02
5.009189993143081665e-02
5.003998428583145142e-02
4.998768121004104614e-02
4.993502795696258545e-02
4.988243430852890015e-02
4.982920363545417786e-02
4.977970570325851440e-02
4.972916841506958008e-02
4.968062043190002441e-02
4.962844774127006531e-02
4.957781359553337097e-02
4.952483624219894409e-02
4.947236552834510803e-02
4.942006245255470276e-02
4.936842620372772217e-02
4.931525886058807373e-02
4.926645755767822266e-02
4.921173676848411560e-02
4.915821924805641174e-02
4.911165311932563782e-02
4.905821010470390320e-02
4.901441186666488647e-02
4.895880073308944702e-02
4.891187697649002075e-02
4.886407777667045593e-02
4.880633950233459473e-02
4.875630885362625122e-02
4.871123284101486206e-02
4.866353422403335571e-02
4.861252382397651672e-02
4.856143146753311157e-02
4.850179702043533325e-02
4.844691976904869080e-02
4.840079694986343384e-02
4.835139214992523193e-02
4.829803109169006348e-02
4.824688658118247986e-02
4.819882661104202271e-02
4.814659059047698975e-02
4.809774458408355713e-02
4.804686456918716431e-02
4.799570143222808838e-02
4.794752597808837891e-02
4.789474606513977051e-02
4.784566536545753479e-02
4.779149964451789856e-02
4.774261265993118286e-02
4.769765958189964294e-02
4.764676094055175781e-02
4.759751632809638977e-02
4.754322022199630737e-02
4.749674722552299500e-02
4.744885489344596863e-02
4.739812016487121582e-02
4.734914749860763550e-02
4.729930311441421509e-02
4.725190997123718262e-02
4.720370098948478699e-02
4.715364426374435425e-02
4.710081219673156738e-02
4.704754054546356201e-02
4.700037464499473572e-02
4.695332422852516174e-02
4.690092056989669800e-02
4.685192182660102844e-02
4.680451750755310059e-02
4.675292968750000000e-02
4.670656099915504456e-02
4.665465280413627625e-02
4.660706222057342529e-02
4.655835777521133423e-02
4.651023447513580322e-02
4.646300151944160461e-02
4.641440883278846741e-02
4.636481776833534241e-02
4.631377384066581726e-02
4.626550525426864624e-02
4.622280225157737732e-02
4.617489501833915710e-02
4.612411931157112122e-02
4.607200622558593750e-02
4.602362588047981262e-02
4.598342254757881165e-02
4.593193531036376953e-02
4.588307440280914307e-02
4.583100602030754089e-02
4.578224569559097290e-02
4.573905840516090393e-02
4.569185525178909302e-02
4.563875496387481689e-02
4.558919742703437805e-02
4.554000124335289001e-02
4.549850896000862122e-02
4.544362053275108337e-02
4.539496451616287231e-02
4.535215348005294800e-02
4.530568420886993408e-02
4.525373131036758423e-02
4.520592838525772095e-02
4.516665264964103699e-02
4.511346295475959778e-02
4.506292194128036499e-02
4.501756280660629272e-02
4.497137293219566345e-02
4.492191225290298462e-02
4.487471282482147217e-02
4.482550173997879028e-02
4.477893561124801636e-02
4.473779723048210144e-02
4.468930512666702271e-02
4.463824629783630371e-02
4.458944499492645264e-02
4.454657807946205139e-02
4.450132325291633606e-02
4.445357620716094971e-02
4.440833628177642822e-02
4.436456784605979919e-02
4.431404918432235718e-02
4.426749795675277710e-02
4.422142356634140015e-02
4.417443647980690002e-02
4.412500560283660889e-02
4.408296197652816772e-02
4.403645917773246765e-02
4.398758336901664734e-02
4.394305124878883362e-02
4.389375075697898865e-02
4.385320842266082764e-02
4.380774125456809998e-02
4.375921189785003662e-02
4.370946809649467468e-02
4.366433992981910706e-02
4.361942037940025330e-02
4.357765987515449524e-02
4.353166371583938599e-02
4.348304122686386108e-02
4.343706741929054260e-02
4.338885843753814697e-02
4.334002733230590820e-02
4.329326003789901733e-02
4.325201362371444702e-02
4.321102797985076904e-02
4.316049814224243164e-02
4.310886934399604797e-02
4.306558519601821899e-02
4.302238300442695618e-02
4.297602921724319458e-02
4.293597117066383362e-02
4.289313033223152161e-02
4.284524545073509216e-02
4.280069097876548767e-02
4.275463148951530457e-02
4.270641505718231201e-02
4.266254976391792297e-02
4.261874407529830933e-02
4.257025197148323059e-02
4.252602159976959229e-02
4.248050227761268616e-02
4.243814200162887573e-02
4.239092022180557251e-02
4.234559461474418640e-02
4.230182990431785583e-02
4.225598275661468506e-02
4.221034422516822815e-02
4.216378927230834961e-02
4.212668538093566895e-02
4.207665845751762390e-02
4.203125089406967163e-02
4.199374094605445862e-02
4.195293039083480835e-02
4.190806671977043152e-02
4.185722395777702332e-02
4.181624948978424072e-02
4.177292436361312866e-02
4.173000156879425049e-02
4.168716818094253540e-02
4.164188727736473083e-02
4.159602895379066467e-02
4.154878854751586914e-02
4.150474816560745239e-02
4.146083816885948181e-02
4.141675680875778198e-02
4.137015342712402344e-02
4.132652282714843750e-02
4.128362610936164856e-02
4.124571010470390320e-02
4.119744896888732910e-02
4.115375131368637085e-02
4.111333936452865601e-02
4.106988757848739624e-02
4.102265089750289917e-02
4.098187014460563660e-02
4.093919694423675537e-02
4.089592024683952332e-02
4.085347056388854980e-02
4.080934822559356689e-02
4.076511412858963013e-02
4.072022810578346252e-02
4.067476838827133179e-02
4.063345491886138916e-02
4.059343412518501282e-02
4.054935276508331299e-02
4.050669074058532715e-02
4.046128690242767334e-02
4.041860252618789673e-02
4.037859290838241577e-02
4.033463075757026672e-02
4.029330611228942871e-02
4.025147855281829834e-02
4.021003097295761108e-02
4.016850888729095459e-02
4.012480750679969788e-02
4.007828235626220703e-02
4.003425315022468567e-02
3.999274224042892456e-02
3.995521366596221924e-02
3.990970179438591003e-02
3.986486047506332397e-02
3.982345387339591980e-02
3.978458046913146973e-02
3.973641991615295410e-02
3.969390317797660828e-02
3.965114429593086243e-02
3.960894048213958740e-02
3.956796973943710327e-02
3.952509909868240356e-02
3.948456048965454102e-02
3.944423794746398926e-02
3.940486907958984375e-02
3.935991227626800537e-02
3.931646049022674561e-02
3.927345573902130127e-02
3.923254460096359253e-02
3.919094055891036987e-02
3.915151208639144897e-02
3.910703212022781372e-02
3.906407952308654785e-02
3.902512788772583008e-02
3.898554667830467224e-02
3.894333168864250183e-02
3.890506178140640259e-02
3.886336088180541992e-02
3.882086649537086487e-02
3.877806290984153748e-02
3.873815387487411499e-02
3.869444876909255981e-02
3.865570947527885437e-02
3.861322999000549316e-02
3.857143968343734741e-02
3.853419795632362366e-02
3.849340602755546570e-02
3.845085948705673218e-02
3.840870410203933716e-02
3.837037831544876099e-02
3.833007067441940308e-02
3.829560056328773499e-02
3.824873268604278564e-02
3.820349276065826416e-02
3.816451504826545715e-02
3.812604025006294250e-02
3.808537870645523071e-02
3.804726526141166687e-02
3.800566121935844421e-02
3.796349465847015381e-02
3.792519494891166687e-02
3.788792341947555542e-02
3.784697130322456360e-02
3.780197724699974060e-02
3.775954991579055786e-02
3.772063553333282471e-02
3.767959401011466980e-02
3.763944655656814575e-02
3.759863972663879395e-02
3.755838423967361450e-02
3.752257302403450012e-02
3.748412057757377625e-02
3.744417428970336914e-02
3.740327060222625732e-02
3.735727071762084961e-02
3.732279315590858459e-02
3.728340938687324524e-02
3.724159300327301025e-02
3.720061853528022766e-02
3.716754168272018433e-02
3.712907060980796814e-02
3.708506748080253601e-02
3.704625368118286133e-02
3.700772672891616821e-02
3.696808591485023499e-02
3.692892938852310181e-02
3.688720986247062683e-02
3.684523329138755798e-02
3.680593520402908325e-02
3.676867857575416565e-02
3.673154860734939575e-02
3.669301420450210571e-02
3.665091842412948608e-02
3.661158308386802673e-02
3.657559677958488464e-02
3.653818741440773010e-02
3.650062158703804016e-02
3.646337613463401794e-02
3.642456233501434326e-02
3.638204932212829590e-02
3.633803874254226685e-02
3.630384057760238647e-02
3.626873344182968140e-02
3.622630983591079712e-02
3.618742525577545166e-02
3.614623844623565674e-02
3.610920161008834839e-02
3.607039898633956909e-02
3.603325784206390381e-02
3.599593788385391235e-02
3.595589101314544678e-02
3.591561689972877502e-02
3.588078916072845459e-02
3.583981096744537354e-02
3.580464422702789307e-02
3.576676547527313232e-02
3.572973236441612244e-02
3.568986058235168457e-02
3.565041348338127136e-02
3.561226651072502136e-02
3.557475283741950989e-02
3.554145246744155884e-02
3.549806773662567139e-02
3.545833751559257507e-02
3.542081266641616821e-02
3.538616001605987549e-02
3.534663468599319458e-02
3.530766069889068604e-02
3.527103364467620850e-02
3.523309528827667236e-02
3.519540280103683472e-02
3.515965119004249573e-02
3.512182831764221191e-02
3.508676961064338684e-02
3.504778072237968445e-02
3.500779718160629272e-02
3.497109189629554749e-02
3.493607044219970703e-02
3.490080684423446655e-02
3.486280143260955811e-02
3.482529893517494202e-02
3.478583693504333496e-02
3.475150838494300842e-02
3.471109271049499512e-02
3.467603772878646851e-02
3.463970869779586792e-02
3.459977731108665466e-02
3.456469625234603882e-02
3.452825546264648438e-02
3.449449315667152405e-02
3.445231914520263672e-02
3.441936522722244263e-02
3.438337892293930054e-02
3.435140848159790039e-02
3.431385383009910583e-02
3.427267074584960938e-02
3.423679992556571960e-02
3.419839590787887573e-02
3.416246920824050903e-02
3.412678465247154236e-02
3.409134596586227417e-02
3.405409678816795349e-02
